-5.0e0 -5.0e0 3.72686e-6 3.72686e-6
-4.58334e0 -5.0e0 1.192622e-5 1.192622e-5
-4.16668e0 -5.0e0 3.208308e-5 3.208308e-5
-3.75002e0 -5.0e0 7.255168e-5 7.255168e-5
-3.33336e0 -5.0e0 1.379163e-4 1.379163e-4
-2.9167e0 -5.0e0 2.203891e-4 2.203891e-4
-2.50004e0 -5.0e0 2.960533e-4 2.960533e-4
-2.08338e0 -5.0e0 3.343208e-4 3.343208e-4
-1.66672e0 -5.0e0 3.173595e-4 3.173595e-4
-1.25006e0 -5.0e0 2.532474e-4 2.532474e-4
-8.334e-1 -5.0e0 1.698785e-4 1.698785e-4
-4.1674e-1 -5.0e0 9.579797e-5 9.579797e-5
-8.0e-5 -5.0e0 4.541066e-5 4.541066e-5
4.1658e-1 -5.0e0 1.809521e-5 1.809521e-5
8.3324e-1 -5.0e0 6.061539e-6 6.061539e-6
1.2499e0 -5.0e0 1.706854e-6 1.706854e-6
1.66656e0 -5.0e0 4.040411e-7 4.040411e-7
2.08322e0 -5.0e0 8.040071e-8 8.040071e-8
2.49988e0 -5.0e0 1.344894e-8 1.344894e-8
2.91654e0 -5.0e0 1.891003e-9 1.891003e-9
3.3332e0 -5.0e0 2.235326e-10 2.235326e-10
3.7498601e0 -5.0e0 2.221475e-11 2.221475e-11
4.1665201e0 -5.0e0 1.8555e-12 1.8555e-12
4.5831801e0 -5.0e0 1.30295e-13 1.30295e-13
4.9998401e0 -5.0e0 7.691493e-15 7.691493e-15

-5.0e0 -4.58334e0 1.808995e-5 1.808995e-5
-4.58334e0 -4.58334e0 5.78901e-5 5.78901e-5
-4.16668e0 -4.58334e0 1.557309e-4 1.557309e-4
-3.75002e0 -4.58334e0 3.521594e-4 3.521594e-4
-3.33336e0 -4.58334e0 6.694504e-4 6.694504e-4
-2.9167e0 -4.58334e0 1.069768e-3 1.069768e-3
-2.50004e0 -4.58334e0 1.437035e-3 1.437035e-3
-2.08338e0 -4.58334e0 1.62278e-3 1.62278e-3
-1.66672e0 -4.58334e0 1.540446e-3 1.540446e-3
-1.25006e0 -4.58334e0 1.22925e-3 1.22925e-3
-8.334e-1 -4.58334e0 8.246039e-4 8.246039e-4
-4.1674e-1 -4.58334e0 4.649939e-4 4.649939e-4
-8.0e-5 -4.58334e0 2.204172e-4 2.204172e-4
4.1658e-1 -4.58334e0 8.783403e-5 8.783403e-5
8.3324e-1 -4.58334e0 2.942241e-5 2.942241e-5
1.2499e0 -4.58334e0 8.28513e-6 8.28513e-6
1.66656e0 -4.58334e0 1.961209e-6 1.961209e-6
2.08322e0 -4.58334e0 3.90263e-7 3.90263e-7
2.49988e0 -4.58334e0 6.528265e-8 6.528265e-8
2.91654e0 -4.58334e0 9.178969e-9 9.178969e-9
3.3332e0 -4.58334e0 1.085022e-9 1.085022e-9
3.7498601e0 -4.58334e0 1.078296e-10 1.078296e-10
4.1665201e0 -4.58334e0 9.006628e-12 9.006628e-12
4.5831801e0 -4.58334e0 6.324586e-13 6.324586e-13
4.9998401e0 -4.58334e0 3.733435e-14 3.733435e-14

-5.0e0 -4.16668e0 7.381563e-5 7.381563e-5
-4.58334e0 -4.16668e0 2.362138e-4 2.362138e-4
-4.16668e0 -4.16668e0 6.354474e-4 6.354474e-4
-3.75002e0 -4.16668e0 1.43696e-3 1.43696e-3
-3.33336e0 -4.16668e0 2.731628e-3 2.731628e-3
-2.9167e0 -4.16668e0 4.365157e-3 4.365157e-3
-2.50004e0 -4.16668e0 5.86388e-3 5.86388e-3
-2.08338e0 -4.16668e0 6.621622e-3 6.621622e-3
-1.66672e0 -4.16668e0 6.285724e-3 6.285724e-3
-1.25006e0 -4.16668e0 5.015947e-3 5.015947e-3
-8.334e-1 -4.16668e0 3.36475e-3 3.36475e-3
-4.1674e-1 -4.16668e0 1.897379e-3 1.897379e-3
-8.0e-5 -4.16668e0 8.994194e-4 8.994194e-4
4.1658e-1 -4.16668e0 3.58399e-4 3.58399e-4
8.3324e-1 -4.16668e0 1.200551e-4 1.200551e-4
1.2499e0 -4.16668e0 3.380702e-5 3.380702e-5
1.66656e0 -4.16668e0 8.002596e-6 8.002596e-6
2.08322e0 -4.16668e0 1.59241e-6 1.59241e-6
2.49988e0 -4.16668e0 2.663759e-7 2.663759e-7
2.91654e0 -4.16668e0 3.745415e-8 3.745415e-8
3.3332e0 -4.16668e0 4.427391e-9 4.427391e-9
3.7498601e0 -4.16668e0 4.399936e-10 4.399936e-10
4.1665201e0 -4.16668e0 3.675089e-11 3.675089e-11
4.5831801e0 -4.16668e0 2.580661e-12 2.580661e-12
4.9998401e0 -4.16668e0 1.523369e-13 1.523369e-13

-5.0e0 -3.75002e0 2.531966e-4 2.531966e-4
-4.58334e0 -3.75002e0 8.102618e-4 8.102618e-4
-4.16668e0 -3.75002e0 2.179669e-3 2.179669e-3
-3.75002e0 -3.75002e0 4.929039e-3 4.929039e-3
-3.33336e0 -3.75002e0 9.369864e-3 9.369864e-3
-2.9167e0 -3.75002e0 1.497287e-2 1.497287e-2
-2.50004e0 -3.75002e0 2.011345e-2 2.011345e-2
-2.08338e0 -3.75002e0 2.271298e-2 2.271298e-2
-1.66672e0 -3.75002e0 2.156075e-2 2.156075e-2
-1.25006e0 -3.75002e0 1.720525e-2 1.720525e-2
-8.334e-1 -3.75002e0 1.154135e-2 1.154135e-2
-4.1674e-1 -3.75002e0 6.508356e-3 6.508356e-3
-8.0e-5 -3.75002e0 3.085147e-3 3.085147e-3
4.1658e-1 -3.75002e0 1.229358e-3 1.229358e-3
8.3324e-1 -3.75002e0 4.118105e-4 4.118105e-4
1.2499e0 -3.75002e0 1.159622e-4 1.159622e-4
1.66656e0 -3.75002e0 2.744987e-5 2.744987e-5
2.08322e0 -3.75002e0 5.462285e-6 5.462285e-6
2.49988e0 -3.75002e0 9.137193e-7 9.137193e-7
2.91654e0 -3.75002e0 1.284723e-7 1.284723e-7
3.3332e0 -3.75002e0 1.51866e-8 1.51866e-8
3.7498601e0 -3.75002e0 1.509224e-9 1.509224e-9
4.1665201e0 -3.75002e0 1.26057e-10 1.26057e-10
4.5831801e0 -3.75002e0 8.852086e-12 8.852086e-12
4.9998401e0 -3.75002e0 5.225436e-13 5.225436e-13

-5.0e0 -3.33336e0 7.301161e-4 7.301161e-4
-4.58334e0 -3.33336e0 2.336414e-3 2.336414e-3
-4.16668e0 -3.33336e0 6.285323e-3 6.285323e-3
-3.75002e0 -3.33336e0 1.421289e-2 1.421289e-2
-3.33336e0 -3.33336e0 2.70188e-2 2.70188e-2
-2.9167e0 -3.33336e0 4.31757e-2 4.31757e-2
-2.50004e0 -3.33336e0 5.799983e-2 5.799983e-2
-2.08338e0 -3.33336e0 6.549628e-2 6.549628e-2
-1.66672e0 -3.33336e0 6.217348e-2 6.217348e-2
-1.25006e0 -3.33336e0 4.961285e-2 4.961285e-2
-8.334e-1 -3.33336e0 3.328094e-2 3.328094e-2
-4.1674e-1 -3.33336e0 1.876714e-2 1.876714e-2
-8.0e-5 -3.33336e0 8.896175e-3 8.896175e-3
4.1658e-1 -3.33336e0 3.544917e-3 3.544917e-3
8.3324e-1 -3.33336e0 1.187457e-3 1.187457e-3
1.2499e0 -3.33336e0 3.343877e-4 3.343877e-4
1.66656e0 -3.33336e0 7.915407e-5 7.915407e-5
2.08322e0 -3.33336e0 1.575092e-5 1.575092e-5
2.49988e0 -3.33336e0 2.634769e-6 2.634769e-6
2.91654e0 -3.33336e0 3.704611e-7 3.704611e-7
3.3332e0 -3.33336e0 4.379164e-8 4.379164e-8
3.7498601e0 -3.33336e0 4.352048e-9 4.352048e-9
4.1665201e0 -3.33336e0 3.635052e-10 3.635052e-10
4.5831801e0 -3.33336e0 2.552588e-11 2.552588e-11
4.9998401e0 -3.33336e0 1.506783e-12 1.506783e-12

-5.0e0 -2.9167e0 1.769759e-3 1.769759e-3
-4.58334e0 -2.9167e0 5.663423e-3 5.663423e-3
-4.16668e0 -2.9167e0 1.523515e-2 1.523515e-2
-3.75002e0 -2.9167e0 3.445206e-2 3.445206e-2
-3.33336e0 -2.9167e0 6.549274e-2 6.549274e-2
-2.9167e0 -2.9167e0 1.0461e-1 1.0461e-1
-2.50004e0 -2.9167e0 1.4052e-1 1.4052e-1
-2.08338e0 -2.9167e0 1.5874e-1 1.5874e-1
-1.66672e0 -2.9167e0 1.5073e-1 1.5073e-1
-1.25006e0 -2.9167e0 1.2022e-1 1.2022e-1
-8.334e-1 -2.9167e0 8.067242e-2 8.067242e-2
-4.1674e-1 -2.9167e0 4.549089e-2 4.549089e-2
-8.0e-5 -2.9167e0 2.156381e-2 2.156381e-2
4.1658e-1 -2.9167e0 8.592892e-3 8.592892e-3
8.3324e-1 -2.9167e0 2.8784e-3 2.8784e-3
1.2499e0 -2.9167e0 8.10553e-4 8.10553e-4
1.66656e0 -2.9167e0 1.91865e-4 1.91865e-4
2.08322e0 -2.9167e0 3.817926e-5 3.817926e-5
2.49988e0 -2.9167e0 6.386559e-6 6.386559e-6
2.91654e0 -2.9167e0 8.97994e-7 8.97994e-7
3.3332e0 -2.9167e0 1.061484e-7 1.061484e-7
3.7498601e0 -2.9167e0 1.054887e-8 1.054887e-8
4.1665201e0 -2.9167e0 8.811133e-10 8.811133e-10
4.5831801e0 -2.9167e0 6.18731e-11 6.18731e-11
4.9998401e0 -2.9167e0 3.652393e-12 3.652393e-12

-5.0e0 -2.50004e0 3.606267e-3 3.606267e-3
-4.58334e0 -2.50004e0 1.15402e-2 1.15402e-2
-4.16668e0 -2.50004e0 3.104483e-2 3.104483e-2
-3.75002e0 -2.50004e0 7.020363e-2 7.020363e-2
-3.33336e0 -2.50004e0 1.3342e-1 1.3342e-1
-2.9167e0 -2.50004e0 2.1324e-1 2.1324e-1
-2.50004e0 -2.50004e0 2.8647e-1 2.8647e-1
-2.08338e0 -2.50004e0 3.2356e-1 3.2356e-1
-1.66672e0 -2.50004e0 3.0716e-1 3.0716e-1
-1.25006e0 -2.50004e0 2.4506e-1 2.4506e-1
-8.334e-1 -2.50004e0 1.6434e-1 1.6434e-1
-4.1674e-1 -2.50004e0 9.269775e-2 9.269775e-2
-8.0e-5 -2.50004e0 4.394102e-2 4.394102e-2
4.1658e-1 -2.50004e0 1.750967e-2 1.750967e-2
8.3324e-1 -2.50004e0 5.865366e-3 5.865366e-3
1.2499e0 -2.50004e0 1.651631e-3 1.651631e-3
1.66656e0 -2.50004e0 3.909666e-4 3.909666e-4
2.08322e0 -2.50004e0 7.77985e-5 7.77985e-5
2.49988e0 -2.50004e0 1.301373e-5 1.301373e-5
2.91654e0 -2.50004e0 1.829823e-6 1.829823e-6
3.3332e0 -2.50004e0 2.163008e-7 2.163008e-7
3.7498601e0 -2.50004e0 2.149591e-8 2.149591e-8
4.1665201e0 -2.50004e0 1.79543e-9 1.79543e-9
4.5831801e0 -2.50004e0 1.260773e-10 1.260773e-10
4.9998401e0 -2.50004e0 7.44256e-12 7.44256e-12

-5.0e0 -2.08338e0 6.177242e-3 6.177242e-3
-4.58334e0 -2.08338e0 1.976765e-2 1.976765e-2
-4.16668e0 -2.08338e0 5.317686e-2 5.317686e-2
-3.75002e0 -2.08338e0 1.2022e-1 1.2022e-1
-3.33336e0 -2.08338e0 2.2865e-1 2.2865e-1
-2.9167e0 -2.08338e0 3.6539e-1 3.6539e-1
-2.50004e0 -2.08338e0 4.9081e-1 4.9081e-1
-2.08338e0 -2.08338e0 5.5423e-1 5.5423e-1
-1.66672e0 -2.08338e0 5.2612e-1 5.2612e-1
-1.25006e0 -2.08338e0 4.198e-1 4.198e-1
-8.334e-1 -2.08338e0 2.8156e-1 2.8156e-1
-4.1674e-1 -2.08338e0 1.5874e-1 1.5874e-1
-8.0e-5 -2.08338e0 7.526709e-2 7.526709e-2
4.1658e-1 -2.08338e0 2.999261e-2 2.999261e-2
8.3324e-1 -2.08338e0 1.004675e-2 1.004675e-2
1.2499e0 -2.08338e0 2.8291e-3 2.8291e-3
1.66656e0 -2.08338e0 6.696953e-4 6.696953e-4
2.08322e0 -2.08338e0 1.332605e-4 1.332605e-4
2.49988e0 -2.08338e0 2.229189e-5 2.229189e-5
2.91654e0 -2.08338e0 3.134317e-6 3.134317e-6
3.3332e0 -2.08338e0 3.705064e-7 3.705064e-7
3.7498601e0 -2.08338e0 3.68207e-8 3.68207e-8
4.1665201e0 -2.08338e0 3.07548e-9 3.07548e-9
4.5831801e0 -2.08338e0 2.159627e-10 2.159627e-10
4.9998401e0 -2.08338e0 1.274821e-11 1.274821e-11

-5.0e0 -1.66672e0 8.894806e-3 8.894806e-3
-4.58334e0 -1.66672e0 2.846399e-2 2.846399e-2
-4.16668e0 -1.66672e0 7.657271e-2 7.657271e-2
-3.75002e0 -1.66672e0 1.7313e-1 1.7313e-1
-3.33336e0 -1.66672e0 3.2918e-1 3.2918e-1
-2.9167e0 -1.66672e0 5.2612e-1 5.2612e-1
-2.50004e0 -1.66672e0 7.0677e-1 7.0677e-1
-2.08338e0 -1.66672e0 7.9808e-1 7.9808e-1
-1.66672e0 -1.66672e0 7.5758e-1 7.5758e-1
-1.25006e0 -1.66672e0 6.0454e-1 6.0454e-1
-8.334e-1 -1.66672e0 4.0549e-1 4.0549e-1
-4.1674e-1 -1.66672e0 2.2865e-1 2.2865e-1
-8.0e-5 -1.66672e0 1.0832e-1 1.0832e-1
4.1658e-1 -1.66672e0 4.31871e-2 4.31871e-2
8.3324e-1 -1.66672e0 1.446663e-2 1.446663e-2
1.2499e0 -1.66672e0 4.073737e-3 4.073737e-3
1.66656e0 -1.66672e0 9.643164e-4 9.643164e-4
2.08322e0 -1.66672e0 1.91886e-4 1.91886e-4
2.49988e0 -1.66672e0 3.209868e-5 3.209868e-5
2.91654e0 -1.66672e0 4.513208e-6 4.513208e-6
3.3332e0 -1.66672e0 5.335039e-7 5.335039e-7
3.7498601e0 -1.66672e0 5.301999e-8 5.301999e-8
4.1665201e0 -1.66672e0 4.428493e-9 4.428493e-9
4.5831801e0 -1.66672e0 3.10972e-10 3.10972e-10
4.9998401e0 -1.66672e0 1.835646e-11 1.835646e-11

-5.0e0 -1.25006e0 1.076659e-2 1.076659e-2
-4.58334e0 -1.25006e0 3.445442e-2 3.445442e-2
-4.16668e0 -1.25006e0 9.268643e-2 9.268643e-2
-3.75002e0 -1.25006e0 2.0964e-1 2.0964e-1
-3.33336e0 -1.25006e0 3.9848e-1 3.9848e-1
-2.9167e0 -1.25006e0 6.3684e-1 6.3684e-1
-2.50004e0 -1.25006e0 8.555e-1 8.555e-1
-2.08338e0 -1.25006e0 9.6603e-1 9.6603e-1
-1.66672e0 -1.25006e0 9.17e-1 9.17e-1
-1.25006e0 -1.25006e0 7.3177e-1 7.3177e-1
-8.334e-1 -1.25006e0 4.909e-1 4.909e-1
-4.1674e-1 -1.25006e0 2.7676e-1 2.7676e-1
-8.0e-5 -1.25006e0 1.3112e-1 1.3112e-1
4.1658e-1 -1.25006e0 5.227606e-2 5.227606e-2
8.3324e-1 -1.25006e0 1.751111e-2 1.751111e-2
1.2499e0 -1.25006e0 4.931096e-3 4.931096e-3
1.66656e0 -1.25006e0 1.16724e-3 1.16724e-3
2.08322e0 -1.25006e0 2.322687e-4 2.322687e-4
2.49988e0 -1.25006e0 3.885356e-5 3.885356e-5
2.91654e0 -1.25006e0 5.463054e-6 5.463054e-6
3.3332e0 -1.25006e0 6.457756e-7 6.457756e-7
3.7498601e0 -1.25006e0 6.417734e-8 6.417734e-8
4.1665201e0 -1.25006e0 5.36048e-9 5.36048e-9
4.5831801e0 -1.25006e0 3.764119e-10 3.764119e-10
4.9998401e0 -1.25006e0 2.221976e-11 2.221976e-11

-5.0e0 -8.334e-1 1.095541e-2 1.095541e-2
-4.58334e0 -8.334e-1 3.505879e-2 3.505879e-2
-4.16668e0 -8.334e-1 9.431258e-2 9.431258e-2
-3.75002e0 -8.334e-1 2.1324e-1 2.1324e-1
-3.33336e0 -8.334e-1 4.0549e-1 4.0549e-1
-2.9167e0 -8.334e-1 6.4806e-1 6.4806e-1
-2.50004e0 -8.334e-1 8.705e-1 8.705e-1
-2.08338e0 -8.334e-1 9.8303e-1 9.8303e-1
-1.66672e0 -8.334e-1 9.3312e-1 9.3312e-1
-1.25006e0 -8.334e-1 7.4457e-1 7.4457e-1
-8.334e-1 -8.334e-1 4.9951e-1 4.9951e-1
-4.1674e-1 -8.334e-1 2.8166e-1 2.8166e-1
-8.0e-5 -8.334e-1 1.3342e-1 1.3342e-1
4.1658e-1 -8.334e-1 5.319315e-2 5.319315e-2
8.3324e-1 -8.334e-1 1.78185e-2 1.78185e-2
1.2499e0 -8.334e-1 5.017514e-3 5.017514e-3
1.66656e0 -8.334e-1 1.187709e-3 1.187709e-3
2.08322e0 -8.334e-1 2.363438e-4 2.363438e-4
2.49988e0 -8.334e-1 3.953537e-5 3.953537e-5
2.91654e0 -8.334e-1 5.558817e-6 5.558817e-6
3.3332e0 -8.334e-1 6.571022e-7 6.571022e-7
3.7498601e0 -8.334e-1 6.53031e-8 6.53031e-8
4.1665201e0 -8.334e-1 5.45448e-9 5.45448e-9
4.5831801e0 -8.334e-1 3.830174e-10 3.830174e-10
4.9998401e0 -8.334e-1 2.260973e-11 2.260973e-11

-5.0e0 -4.1674e-1 9.371162e-3 9.371162e-3
-4.58334e0 -4.1674e-1 2.998848e-2 2.998848e-2
-4.16668e0 -4.1674e-1 8.067242e-2 8.067242e-2
-3.75002e0 -4.1674e-1 1.8243e-1 1.8243e-1
-3.33336e0 -4.1674e-1 3.4688e-1 3.4688e-1
-2.9167e0 -4.1674e-1 5.5423e-1 5.5423e-1
-2.50004e0 -4.1674e-1 7.4457e-1 7.4457e-1
-2.08338e0 -4.1674e-1 8.4079e-1 8.4079e-1
-1.66672e0 -4.1674e-1 7.9819e-1 7.9819e-1
-1.25006e0 -4.1674e-1 6.3695e-1 6.3695e-1
-8.334e-1 -4.1674e-1 4.272e-1 4.272e-1
-4.1674e-1 -4.1674e-1 2.4084e-1 2.4084e-1
-8.0e-5 -4.1674e-1 1.1412e-1 1.1412e-1
4.1658e-1 -4.1674e-1 4.549997e-2 4.549997e-2
8.3324e-1 -4.1674e-1 1.524133e-2 1.524133e-2
1.2499e0 -4.1674e-1 4.291913e-3 4.291913e-3
1.66656e0 -4.1674e-1 1.01594e-3 1.01594e-3
2.08322e0 -4.1674e-1 2.021613e-4 2.021613e-4
2.49988e0 -4.1674e-1 3.381723e-5 3.381723e-5
2.91654e0 -4.1674e-1 4.754826e-6 4.754826e-6
3.3332e0 -4.1674e-1 5.620663e-7 5.620663e-7
3.7498601e0 -4.1674e-1 5.585838e-8 5.585838e-8
4.1665201e0 -4.1674e-1 4.665564e-9 4.665564e-9
4.5831801e0 -4.1674e-1 3.27625e-10 3.27625e-10
4.9998401e0 -4.1674e-1 1.933968e-11 1.933968e-11

-5.0e0 -8.0e-5 6.738254e-3 6.738254e-3
-4.58334e0 -8.0e-5 2.156277e-2 2.156277e-2
-4.16668e0 -8.0e-5 5.800764e-2 5.800764e-2
-3.75002e0 -8.0e-5 1.3112e-1 1.3112e-1
-3.33336e0 -8.0e-5 2.4936e-1 2.4936e-1
-2.9167e0 -8.0e-5 3.9859e-1 3.9859e-1
-2.50004e0 -8.0e-5 5.3542e-1 5.3542e-1
-2.08338e0 -8.0e-5 6.0454e-1 6.0454e-1
-1.66672e0 -8.0e-5 5.7393e-1 5.7393e-1
-1.25006e0 -8.0e-5 4.5801e-1 4.5801e-1
-8.334e-1 -8.0e-5 3.0716e-1 3.0716e-1
-4.1674e-1 -8.0e-5 1.7323e-1 1.7323e-1
-8.0e-5 -8.0e-5 8.210318e-2 8.210318e-2
4.1658e-1 -8.0e-5 3.271631e-2 3.271631e-2
8.3324e-1 -8.0e-5 1.095912e-2 1.095912e-2
1.2499e0 -8.0e-5 3.086052e-3 3.086052e-3
1.66656e0 -8.0e-5 7.305173e-4 7.305173e-4
2.08322e0 -8.0e-5 1.453656e-4 1.453656e-4
2.49988e0 -8.0e-5 2.431636e-5 2.431636e-5
2.91654e0 -8.0e-5 3.418994e-6 3.418994e-6
3.3332e0 -8.0e-5 4.041536e-7 4.041536e-7
3.7498601e0 -8.0e-5 4.016528e-8 4.016528e-8
4.1665201e0 -8.0e-5 3.354822e-9 3.354822e-9
4.5831801e0 -8.0e-5 2.3558e-10 2.3558e-10
4.9998401e0 -8.0e-5 1.390627e-11 1.390627e-11

-5.0e0 4.1658e-1 4.072972e-3 4.072972e-3
-4.58334e0 4.1658e-1 1.303377e-2 1.303377e-2
-4.16668e0 4.1658e-1 3.506264e-2 3.506264e-2
-3.75002e0 4.1658e-1 7.928935e-2 7.928935e-2
-3.33336e0 4.1658e-1 1.5073e-1 1.5073e-1
-2.9167e0 4.1658e-1 2.4084e-1 2.4084e-1
-2.50004e0 4.1658e-1 3.2356e-1 3.2356e-1
-2.08338e0 4.1658e-1 3.6539e-1 3.6539e-1
-1.66672e0 4.1658e-1 3.4688e-1 3.4688e-1
-1.25006e0 4.1658e-1 2.7676e-1 2.7676e-1
-8.334e-1 4.1658e-1 1.8564e-1 1.8564e-1
-4.1674e-1 4.1658e-1 1.0472e-1 1.0472e-1
-8.0e-5 4.1658e-1 4.962794e-2 4.962794e-2
4.1658e-1 4.1658e-1 1.977571e-2 1.977571e-2
8.3324e-1 4.1658e-1 6.624455e-3 6.624455e-3
1.2499e0 4.1658e-1 1.865402e-3 1.865402e-3
1.66656e0 4.1658e-1 4.415657e-4 4.415657e-4
2.08322e0 4.1658e-1 8.786725e-5 8.786725e-5
2.49988e0 4.1658e-1 1.469812e-5 1.469812e-5
2.91654e0 4.1658e-1 2.06663e-6 2.06663e-6
3.3332e0 4.1658e-1 2.442943e-7 2.442943e-7
3.7498601e0 4.1658e-1 2.427814e-8 2.427814e-8
4.1665201e0 4.1658e-1 2.027846e-9 2.027846e-9
4.5831801e0 4.1658e-1 1.423982e-10 1.423982e-10
4.9998401e0 4.1658e-1 8.40578e-12 8.40578e-12

-5.0e0 8.3324e-1 2.069568e-3 2.069568e-3
-4.58334e0 8.3324e-1 6.622853e-3 6.622853e-3
-4.16668e0 8.3324e-1 1.781615e-2 1.781615e-2
-3.75002e0 8.3324e-1 4.028844e-2 4.028844e-2
-3.33336e0 8.3324e-1 7.65876e-2 7.65876e-2
-2.9167e0 8.3324e-1 1.2231e-1 1.2231e-1
-2.50004e0 8.3324e-1 1.6443e-1 1.6443e-1
-2.08338e0 8.3324e-1 1.8564e-1 1.8564e-1
-1.66672e0 8.3324e-1 1.7624e-1 1.7624e-1
-1.25006e0 8.3324e-1 1.4063e-1 1.4063e-1
-8.334e-1 8.3324e-1 9.43387e-2 9.43387e-2
-4.1674e-1 8.3324e-1 5.319736e-2 5.319736e-2
-8.0e-5 8.3324e-1 2.521698e-2 2.521698e-2
4.1658e-1 8.3324e-1 1.004837e-2 1.004837e-2
8.3324e-1 8.3324e-1 3.366026e-3 3.366026e-3
1.2499e0 8.3324e-1 9.478629e-4 9.478629e-4
1.66656e0 8.3324e-1 2.243683e-4 2.243683e-4
2.08322e0 8.3324e-1 4.464809e-5 4.464809e-5
2.49988e0 8.3324e-1 7.468587e-6 7.468587e-6
2.91654e0 8.3324e-1 1.050102e-6 1.050102e-6
3.3332e0 8.3324e-1 1.2413e-7 1.2413e-7
3.7498601e0 8.3324e-1 1.23363e-8 1.23363e-8
4.1665201e0 8.3324e-1 1.030382e-9 1.030382e-9
4.5831801e0 8.3324e-1 7.235634e-11 7.235634e-11
4.9998401e0 8.3324e-1 4.271135e-12 4.271135e-12

-5.0e0 1.2499e0 8.840019e-4 8.840019e-4
-4.58334e0 1.2499e0 2.828844e-3 2.828844e-3
-4.16668e0 1.2499e0 7.609998e-3 7.609998e-3
-3.75002e0 1.2499e0 1.720859e-2 1.720859e-2
-3.33336e0 1.2499e0 3.271346e-2 3.271346e-2
-2.9167e0 1.2499e0 5.227606e-2 5.227606e-2
-2.50004e0 1.2499e0 7.022418e-2 7.022418e-2
-2.08338e0 1.2499e0 7.929922e-2 7.929922e-2
-1.66672e0 1.2499e0 7.527628e-2 7.527628e-2
-1.25006e0 1.2499e0 6.006946e-2 6.006946e-2
-8.334e-1 1.2499e0 4.029552e-2 4.029552e-2
-4.1674e-1 1.2499e0 2.272235e-2 2.272235e-2
-8.0e-5 1.2499e0 1.077101e-2 1.077101e-2
4.1658e-1 1.2499e0 4.292111e-3 4.292111e-3
8.3324e-1 1.2499e0 1.437752e-3 1.437752e-3
1.2499e0 1.2499e0 4.048659e-4 4.048659e-4
1.66656e0 1.2499e0 9.583699e-5 9.583699e-5
2.08322e0 1.2499e0 1.907039e-5 1.907039e-5
2.49988e0 1.2499e0 3.190042e-6 3.190042e-6
2.91654e0 1.2499e0 4.485413e-7 4.485413e-7
3.3332e0 1.2499e0 5.302142e-8 5.302142e-8
3.7498601e0 1.2499e0 5.269247e-9 5.269247e-9
4.1665201e0 1.2499e0 4.401205e-10 4.401205e-10
4.5831801e0 1.2499e0 3.090532e-11 3.090532e-11
4.9998401e0 1.2499e0 1.824353e-12 1.824353e-12

-5.0e0 1.66656e0 3.174129e-4 3.174129e-4
-4.58334e0 1.66656e0 1.015744e-3 1.015744e-3
-4.16668e0 1.66656e0 2.732475e-3 2.732475e-3
-3.75002e0 1.66656e0 6.179146e-3 6.179146e-3
-3.33336e0 1.66656e0 1.174615e-2 1.174615e-2
-2.9167e0 1.66656e0 1.87705e-2 1.87705e-2
-2.50004e0 1.66656e0 2.521478e-2 2.521478e-2
-2.08338e0 1.66656e0 2.847365e-2 2.847365e-2
-1.66672e0 1.66656e0 2.702911e-2 2.702911e-2
-1.25006e0 1.66656e0 2.156862e-2 2.156862e-2
-8.334e-1 1.66656e0 1.446863e-2 1.446863e-2
-4.1674e-1 1.66656e0 8.158961e-3 8.158961e-3
-8.0e-5 1.66656e0 3.86753e-3 3.86753e-3
4.1658e-1 1.66656e0 1.54114e-3 1.54114e-3
8.3324e-1 1.66656e0 5.162544e-4 5.162544e-4
1.2499e0 1.66656e0 1.453712e-4 1.453712e-4
1.66656e0 1.66656e0 3.441194e-5 3.441194e-5
2.08322e0 1.66656e0 6.847646e-6 6.847646e-6
2.49988e0 1.66656e0 1.145418e-6 1.145418e-6
2.91654e0 1.66656e0 1.610553e-7 1.610553e-7
3.3332e0 1.66656e0 1.903815e-8 1.903815e-8
3.7498601e0 1.66656e0 1.891998e-9 1.891998e-9
4.1665201e0 1.66656e0 1.580284e-10 1.580284e-10
4.5831801e0 1.66656e0 1.109695e-11 1.109695e-11
4.9998401e0 1.66656e0 6.550706e-13 6.550706e-13

-5.0e0 2.08322e0 9.580971e-5 9.580971e-5
-4.58334e0 2.08322e0 3.065996e-4 3.065996e-4
-4.16668e0 2.08322e0 8.247815e-4 8.247815e-4
-3.75002e0 2.08322e0 1.865106e-3 1.865106e-3
-3.33336e0 2.08322e0 3.545558e-3 3.545558e-3
-2.9167e0 2.08322e0 5.665771e-3 5.665771e-3
-2.50004e0 2.08322e0 7.611015e-3 7.611015e-3
-2.08338e0 2.08322e0 8.594618e-3 8.594618e-3
-1.66672e0 2.08322e0 8.158708e-3 8.158708e-3
-1.25006e0 2.08322e0 6.510449e-3 6.510449e-3
-8.334e-1 2.08322e0 4.367282e-3 4.367282e-3
-4.1674e-1 2.08322e0 2.4627e-3 2.4627e-3
-8.0e-5 2.08322e0 1.167383e-3 1.167383e-3
4.1658e-1 2.08322e0 4.651859e-4 4.651859e-4
8.3324e-1 2.08322e0 1.55826e-4 1.55826e-4
1.2499e0 2.08322e0 4.387987e-5 4.387987e-5
1.66656e0 2.08322e0 1.038687e-5 1.038687e-5
2.08322e0 2.08322e0 2.066893e-6 2.066893e-6
2.49988e0 2.08322e0 3.457506e-7 3.457506e-7
2.91654e0 2.08322e0 4.861368e-8 4.861368e-8
3.3332e0 2.08322e0 5.746552e-9 5.746552e-9
3.7498601e0 2.08322e0 5.710999e-10 5.710999e-10
4.1665201e0 2.08322e0 4.770093e-11 4.770093e-11
4.5831801e0 2.08322e0 3.349628e-12 3.349628e-12
4.9998401e0 2.08322e0 1.977277e-13 1.977277e-13

-5.0e0 2.49988e0 2.430946e-5 2.430946e-5
-4.58334e0 2.49988e0 7.779274e-5 7.779274e-5
-4.16668e0 2.49988e0 2.092673e-4 2.092673e-4
-3.75002e0 2.49988e0 4.73235e-4 4.73235e-4
-3.33336e0 2.49988e0 8.996107e-4 8.996107e-4
-2.9167e0 2.49988e0 1.437547e-3 1.437547e-3
-2.50004e0 2.49988e0 1.931094e-3 1.931094e-3
-2.08338e0 2.49988e0 2.180666e-3 2.180666e-3
-1.66672e0 2.49988e0 2.070068e-3 2.070068e-3
-1.25006e0 2.49988e0 1.651852e-3 1.651852e-3
-8.334e-1 2.49988e0 1.108098e-3 1.108098e-3
-4.1674e-1 2.49988e0 6.248613e-4 6.248613e-4
-8.0e-5 2.49988e0 2.961996e-4 2.961996e-4
4.1658e-1 2.49988e0 1.18029e-4 1.18029e-4
8.3324e-1 2.49988e0 3.95379e-5 3.95379e-5
1.2499e0 2.49988e0 1.113345e-5 1.113345e-5
1.66656e0 2.49988e0 2.635468e-6 2.635468e-6
2.08322e0 2.49988e0 5.244333e-7 5.244333e-7
2.49988e0 2.49988e0 8.772697e-8 8.772697e-8
2.91654e0 2.49988e0 1.23345e-8 1.23345e-8
3.3332e0 2.49988e0 1.45806e-9 1.45806e-9
3.7498601e0 2.49988e0 1.449017e-10 1.449017e-10
4.1665201e0 2.49988e0 1.210303e-11 1.210303e-11
4.5831801e0 2.49988e0 8.49898e-13 8.49898e-13
4.9998401e0 2.49988e0 5.016911e-14 5.016911e-14

-5.0e0 2.91654e0 5.18606e-6 5.18606e-6
-4.58334e0 2.91654e0 1.659578e-5 1.659578e-5
-4.16668e0 2.91654e0 4.464444e-5 4.464444e-5
-3.75002e0 2.91654e0 1.009558e-4 1.009558e-4
-3.33336e0 2.91654e0 1.919128e-4 1.919128e-4
-2.9167e0 2.91654e0 3.066768e-4 3.066768e-4
-2.50004e0 2.91654e0 4.119685e-4 4.119685e-4
-2.08338e0 2.91654e0 4.652147e-4 4.652147e-4
-1.66672e0 2.91654e0 4.416145e-4 4.416145e-4
-1.25006e0 2.91654e0 3.523993e-4 3.523993e-4
-8.334e-1 2.91654e0 2.363933e-4 2.363933e-4
-4.1674e-1 2.91654e0 1.333032e-4 1.333032e-4
-8.0e-5 2.91654e0 6.318999e-5 6.318999e-5
4.1658e-1 2.91654e0 2.518004e-5 2.518004e-5
8.3324e-1 2.91654e0 8.43481e-6 8.43481e-6
1.2499e0 2.91654e0 2.375154e-6 2.375154e-6
1.66656e0 2.91654e0 5.622398e-7 5.622398e-7
2.08322e0 2.91654e0 1.118777e-7 1.118777e-7
2.49988e0 2.91654e0 1.871469e-8 1.871469e-8
2.91654e0 2.91654e0 2.631393e-9 2.631393e-9
3.3332e0 2.91654e0 3.110495e-10 3.110495e-10
3.7498601e0 2.91654e0 3.091228e-11 3.091228e-11
4.1665201e0 2.91654e0 2.581982e-12 2.581982e-12
4.5831801e0 2.91654e0 1.813083e-13 1.813083e-13
4.9998401e0 2.91654e0 1.070268e-14 1.070268e-14

-5.0e0 3.3332e0 9.297563e-7 9.297563e-7
-4.58334e0 3.3332e0 2.975313e-6 2.975313e-6
-4.16668e0 3.3332e0 8.003935e-6 8.003935e-6
-3.75002e0 3.3332e0 1.80993e-5 1.80993e-5
-3.33336e0 3.3332e0 3.440668e-5 3.440668e-5
-2.9167e0 3.3332e0 5.49818e-5 5.49818e-5
-2.50004e0 3.3332e0 7.385834e-5 7.385834e-5
-2.08338e0 3.3332e0 8.340456e-5 8.340456e-5
-1.66672e0 3.3332e0 7.917311e-5 7.917311e-5
-1.25006e0 3.3332e0 6.317822e-5 6.317822e-5
-8.334e-1 3.3332e0 4.238095e-5 4.238095e-5
-4.1674e-1 3.3332e0 2.389848e-5 2.389848e-5
-8.0e-5 3.3332e0 1.132863e-5 1.132863e-5
4.1658e-1 3.3332e0 4.51426e-6 4.51426e-6
8.3324e-1 3.3332e0 1.512166e-6 1.512166e-6
1.2499e0 3.3332e0 4.258183e-7 4.258183e-7
1.66656e0 3.3332e0 1.007967e-7 1.007967e-7
2.08322e0 3.3332e0 2.005777e-8 2.005777e-8
2.49988e0 3.3332e0 3.355208e-9 3.355208e-9
2.91654e0 3.3332e0 4.717549e-10 4.717549e-10
3.3332e0 3.3332e0 5.576607e-11 5.576607e-11
3.7498601e0 3.3332e0 5.542038e-12 5.542038e-12
4.1665201e0 3.3332e0 4.628963e-13 4.628963e-13
4.5831801e0 3.3332e0 3.250563e-14 3.250563e-14
4.9998401e0 3.3332e0 1.918806e-15 1.918806e-15

-5.0e0 3.7498601e0 1.401486e-7 1.401486e-7
-4.58334e0 3.7498601e0 4.484918e-7 4.484918e-7
-4.16668e0 3.7498601e0 1.206483e-6 1.206483e-6
-3.75002e0 3.7498601e0 2.728297e-6 2.728297e-6
-3.33336e0 3.7498601e0 5.18645e-6 5.18645e-6
-2.9167e0 3.7498601e0 8.287946e-6 8.287946e-6
-2.50004e0 3.7498601e0 1.113333e-5 1.113333e-5
-2.08338e0 3.7498601e0 1.257193e-5 1.257193e-5
-1.66672e0 3.7498601e0 1.193446e-5 1.193446e-5
-1.25006e0 3.7498601e0 9.523558e-6 9.523558e-6
-8.334e-1 3.7498601e0 6.388535e-6 6.388535e-6
-4.1674e-1 3.7498601e0 3.602484e-6 3.602484e-6
-8.0e-5 3.7498601e0 1.707663e-6 1.707663e-6
4.1658e-1 3.7498601e0 6.804774e-7 6.804774e-7
8.3324e-1 3.7498601e0 2.279443e-7 2.279443e-7
1.2499e0 3.7498601e0 6.418819e-8 6.418819e-8
1.66656e0 3.7498601e0 1.519406e-8 1.519406e-8
2.08322e0 3.7498601e0 3.023505e-9 3.023505e-9
2.49988e0 3.7498601e0 5.057565e-10 5.057565e-10
2.91654e0 3.7498601e0 7.111244e-11 7.111244e-11
3.3332e0 3.7498601e0 8.406114e-12 8.406114e-12
3.7498601e0 3.7498601e0 8.353958e-13 8.353958e-13
4.1665201e0 3.7498601e0 6.977773e-14 6.977773e-14
4.5831801e0 3.7498601e0 4.899893e-15 4.899893e-15
4.9998401e0 3.7498601e0 2.892354e-16 2.892354e-16

-5.0e0 4.1665201e0 1.775745e-8 1.775745e-8
-4.58334e0 4.1665201e0 5.682599e-8 5.682599e-8
-4.16668e0 4.1665201e0 1.528676e-7 1.528676e-7
-3.75002e0 4.1665201e0 3.456876e-7 3.456876e-7
-3.33336e0 4.1665201e0 6.571443e-7 6.571443e-7
-2.9167e0 4.1665201e0 1.050102e-6 1.050102e-6
-2.50004e0 4.1665201e0 1.410619e-6 1.410619e-6
-2.08338e0 4.1665201e0 1.592941e-6 1.592941e-6
-1.66672e0 4.1665201e0 1.51213e-6 1.51213e-6
-1.25006e0 4.1665201e0 1.206642e-6 1.206642e-6
-8.334e-1 4.1665201e0 8.094452e-7 8.094452e-7
-4.1674e-1 4.1665201e0 4.564508e-7 4.564508e-7
-8.0e-5 4.1665201e0 2.163657e-7 2.163657e-7
4.1658e-1 4.1665201e0 8.62194e-8 8.62194e-8
8.3324e-1 4.1665201e0 2.888133e-8 2.888133e-8
1.2499e0 4.1665201e0 8.132837e-9 8.132837e-9
1.66656e0 4.1665201e0 1.925168e-9 1.925168e-9
2.08322e0 4.1665201e0 3.830888e-10 3.830888e-10
2.49988e0 4.1665201e0 6.40825e-11 6.40825e-11
2.91654e0 4.1665201e0 9.010194e-12 9.010194e-12
3.3332e0 4.1665201e0 1.06507e-12 1.06507e-12
3.7498601e0 4.1665201e0 1.05848e-13 1.05848e-13
4.1665201e0 4.1665201e0 8.841075e-15 8.841075e-15
4.5831801e0 4.1665201e0 6.208328e-16 6.208328e-16
4.9998401e0 4.1665201e0 3.664789e-17 3.664789e-17

-5.0e0 4.5831801e0 1.891202e-9 1.891202e-9
-4.58334e0 4.5831801e0 6.052019e-9 6.052019e-9
-4.16668e0 4.5831801e0 1.628032e-8 1.628032e-8
-3.75002e0 4.5831801e0 3.681604e-8 3.681604e-8
-3.33336e0 4.5831801e0 6.998663e-8 6.998663e-8
-2.9167e0 4.5831801e0 1.11837e-7 1.11837e-7
-2.50004e0 4.5831801e0 1.502322e-7 1.502322e-7
-2.08338e0 4.5831801e0 1.696497e-7 1.696497e-7
-1.66672e0 4.5831801e0 1.610426e-7 1.610426e-7
-1.25006e0 4.5831801e0 1.2851e-7 1.2851e-7
-8.334e-1 4.5831801e0 8.620728e-8 8.620728e-8
-4.1674e-1 4.5831801e0 4.861217e-8 4.861217e-8
-8.0e-5 4.5831801e0 2.304323e-8 2.304323e-8
4.1658e-1 4.5831801e0 9.182486e-9 9.182486e-9
8.3324e-1 4.5831801e0 3.075912e-9 3.075912e-9
1.2499e0 4.5831801e0 8.661584e-10 8.661584e-10
1.66656e0 4.5831801e0 2.050294e-10 2.050294e-10
2.08322e0 4.5831801e0 4.079895e-11 4.079895e-11
2.49988e0 4.5831801e0 6.824731e-12 6.824731e-12
2.91654e0 4.5831801e0 9.596034e-13 9.596034e-13
3.3332e0 4.5831801e0 1.134315e-13 1.134315e-13
3.7498601e0 4.5831801e0 1.127277e-14 1.127277e-14
4.1665201e0 4.5831801e0 9.415755e-16 9.415755e-16
4.5831801e0 4.5831801e0 6.611874e-17 6.611874e-17
4.9998401e0 4.5831801e0 3.902992e-18 3.902992e-18

-5.0e0 4.9998401e0 1.693483e-10 1.693483e-10
-4.58334e0 4.9998401e0 5.419397e-10 5.419397e-10
-4.16668e0 4.9998401e0 1.457837e-9 1.457837e-9
-3.75002e0 4.9998401e0 3.296745e-9 3.296745e-9
-3.33336e0 4.9998401e0 6.266968e-9 6.266968e-9
-2.9167e0 4.9998401e0 1.001428e-8 1.001428e-8
-2.50004e0 4.9998401e0 1.345273e-8 1.345273e-8
-2.08338e0 4.9998401e0 1.51915e-8 1.51915e-8
-1.66672e0 4.9998401e0 1.442073e-8 1.442073e-8
-1.25006e0 4.9998401e0 1.15075e-8 1.15075e-8
-8.334e-1 4.9998401e0 7.719438e-9 7.719438e-9
-4.1674e-1 4.9998401e0 4.353058e-9 4.353058e-9
-8.0e-5 4.9998401e0 2.063449e-9 2.063449e-9
4.1658e-1 4.9998401e0 8.222607e-10 8.222607e-10
8.3324e-1 4.9998401e0 2.754367e-10 2.754367e-10
1.2499e0 4.9998401e0 7.756065e-11 7.756065e-11
1.66656e0 4.9998401e0 1.835976e-11 1.835976e-11
2.08322e0 4.9998401e0 3.653394e-12 3.653394e-12
2.49988e0 4.9998401e0 6.111293e-13 6.111293e-13
2.91654e0 4.9998401e0 8.592764e-14 8.592764e-14
3.3332e0 4.9998401e0 1.015715e-14 1.015715e-14
3.7498601e0 4.9998401e0 1.009436e-15 1.009436e-15
4.1665201e0 4.9998401e0 8.431459e-17 8.431459e-17
4.5831801e0 4.9998401e0 5.92071e-18 5.92071e-18
4.9998401e0 4.9998401e0 3.49499e-19 3.49499e-19
